
5947739
541810
1665014
4394994
3519541
1894563
2431609
1398693
1172266
2657396
4726170
2493541
2404354
5851369
5391759
2320138
4395736
5226446
3018418
2918592
1939132
2731182
3577746
4485797
4262988
4785473
5413616
2274652
55382755
61031405
52035256
140658792
102822471
52596813
161451898
97465982
5291306
2630808
3047553
4897761
3303483
7297920
2724268
5608336
745149464
123521330
128504190
774419916
417225838
217294033
92829006
246895390
173788
1197303
109986
156317
74094
630933
962161
75122
5582615
121301
872011
